sampleID	total reads QC passed	mapped reads QC passed	percent reads mapped	paired in sequencing reads QC passed	properly paired QC passed	percent properly paired	with itself and mate mapped QC passed	singletons QC passed	percent singletons 	with mate mapped to a different chr QC passed	with mate mapped to a different chr (mapQ>=5) QC passed
RAD-CCGOM_wA01_MCK119_CWFL_sortfltr_flagstat.txt	9222630	8978892	97.36	9130325	8417028	92.19	8753365	133222	1.46	304994	196817
RAD-CCGOM_wA02_KKF378R_NGM_sortfltr_flagstat.txt	9404438	9160518	97.41	9305473	8561633	92.01	8914467	147086	1.58	319220	203849
RAD-CCGOM_wA03_MML047_NGM_sortfltr_flagstat.txt	1025551	1009267	98.41	1015845	955132	94.02	993403	6158	0.61	35112	25108
RAD-CCGOM_wA04_KKF351R_NGM_sortfltr_flagstat.txt	9752621	9486419	97.27	9655338	8901703	92.19	9251098	138038	1.43	316342	207201
RAD-CCGOM_wA05_KEY074_SWFL_sortfltr_flagstat.txt	4435845	4338195	97.80	4395574	4096937	93.21	4247590	50334	1.15	136534	88700
RAD-CCGOM_wA06_KEY047_SWFL_sortfltr_flagstat.txt	3775194	3648899	96.65	3742300	3446014	92.08	3573286	42719	1.14	115090	74649
RAD-CCGOM_wA07_KKF364R_NGM_sortfltr_flagstat.txt	5655327	5522392	97.65	5579402	5111019	91.61	5372846	73621	1.32	240588	170746
RAD-CCGOM_wA08_KEY444_SWFL_sortfltr_flagstat.txt	2515183	2438428	96.95	2495150	2314828	92.77	2393412	24983	1.00	71254	46954
RAD-CCGOM_wA09_PRCS502_DRTO_sortfltr_flagstat.txt	2396891	2348705	97.99	2375955	2220160	93.44	2302185	25584	1.08	74662	49263
RAD-CCGOM_wA10_KKF307R_NGM_sortfltr_flagstat.txt	3386705	3298637	97.40	3351474	3087986	92.14	3218914	44492	1.33	119234	80190
RAD-CCGOM_wA11_PRCS481_DRTO_sortfltr_flagstat.txt	2907132	2863139	98.49	2879837	2700649	93.78	2815441	20403	0.71	105550	75695
RAD-CCGOM_wA12_PRCS632_DRTO_sortfltr_flagstat.txt	2004038	1968553	98.23	1987288	1868340	94.01	1934838	16965	0.85	60354	40735
RAD-CCGOM_wB01_PRCS500C+C_DRTO_sortfltr_flagstat.txt	10728798	10461183	97.51	10626587	9802396	92.24	10206733	152239	1.43	368762	242416
RAD-CCGOM_wB02_KEY433_SWFL_sortfltr_flagstat.txt	2119381	2085858	98.42	2099473	1974338	94.04	2050891	15059	0.72	69786	47410
RAD-CCGOM_wB03_KKF325R_NGM_sortfltr_flagstat.txt	5745763	5580845	97.13	5693190	5256006	92.32	5448636	79636	1.40	173864	111362
RAD-CCGOM_wB04_MCK099_CWFL_sortfltr_flagstat.txt	5520550	5294449	95.90	5472514	4980323	91.01	5163490	82923	1.52	165628	105902
RAD-CCGOM_wB05_KEY048_SWFL_sortfltr_flagstat.txt	3250454	3180323	97.84	3218307	2990221	92.91	3109611	38565	1.20	108842	72437
RAD-CCGOM_wB06_PRCS543_DRTO_sortfltr_flagstat.txt	7093285	6949906	97.98	7029569	6556037	93.26	6809699	76491	1.09	231664	152509
RAD-CCGOM_wB07_KEY419_SWFL_sortfltr_flagstat.txt	2079209	2040796	98.15	2061072	1931297	93.70	2005630	17029	0.83	68134	47307
RAD-CCGOM_wB08_MCK080_CWFL_sortfltr_flagstat.txt	12118599	11775434	97.17	11997036	11025671	91.90	11472698	181173	1.51	405288	261374
RAD-CCGOM_wB09_MCK117_CWFL_sortfltr_flagstat.txt	11823668	11502008	97.28	11706317	10774725	92.04	11214787	169870	1.45	399582	261519
RAD-CCGOM_wB10_MCK128_CWFL_sortfltr_flagstat.txt	1760335	1715755	97.47	1744904	1617874	92.72	1676690	23634	1.35	53008	34173
RAD-CCGOM_wB11_PRCS498_DRTO_sortfltr_flagstat.txt	2142358	2103835	98.20	2116907	1961184	92.64	2058683	19701	0.93	89926	66141
RAD-CCGOM_wB12_PRCS514_DRTO_sortfltr_flagstat.txt	1866445	1836241	98.38	1842749	1708584	92.72	1797821	14724	0.80	82042	59575
RAD-CCGOM_wC01_MCK121_CWFL_sortfltr_flagstat.txt	9164924	8758763	95.57	8932147	7309032	81.83	8297997	227989	2.55	840966	458976
RAD-CCGOM_wC02_KKF369R_NGM_sortfltr_flagstat.txt	3713163	3622901	97.57	3658528	3340629	91.31	3518482	49784	1.36	163228	116944
RAD-CCGOM_wC03_MCK065_CWFL_sortfltr_flagstat.txt	5818	5706	98.07	5781	5421	93.77	5619	50	0.86	174	130
RAD-CCGOM_wC04_KEY076_SWFL_sortfltr_flagstat.txt	10455139	10177114	97.34	10354287	9541403	92.15	9915627	160635	1.55	338742	219881
RAD-CCGOM_wC05_PRCS682_DRTO_sortfltr_flagstat.txt	18163896	17712017	97.51	17903959	16259279	90.81	17187543	264537	1.48	851078	598973
RAD-CCGOM_wC06_MCK079_CWFL_sortfltr_flagstat.txt	13699095	13306852	97.14	13547640	12385061	91.42	12953342	202055	1.49	520234	350531
RAD-CCGOM_wC07_KEY428_SWFL_sortfltr_flagstat.txt	765988	748489	97.72	759525	710378	93.53	735789	6237	0.82	23344	15702
RAD-CCGOM_wC08_KEY438_SWFL_sortfltr_flagstat.txt	6438196	6232275	96.80	6379136	5889193	92.32	6110398	62817	0.98	201468	133108
RAD-CCGOM_wC09_MCK127_CWFL_sortfltr_flagstat.txt	9923191	9622059	96.97	9817963	8967608	91.34	9366151	150680	1.53	363476	242428
RAD-CCGOM_wC10_PRCS549_DRTO_sortfltr_flagstat.txt	4086198	4013516	98.22	4049971	3797616	93.77	3940547	36742	0.91	130312	88143
RAD-CCGOM_wC11_MCK102_CWFL_sortfltr_flagstat.txt	5396753	5257887	97.43	5340822	4918023	92.08	5127216	74740	1.40	190980	127935
RAD-CCGOM_wC12_PRCS548_DRTO_sortfltr_flagstat.txt	1969344	1935936	98.30	1952799	1835755	94.01	1903461	15930	0.82	61902	41701
RAD-CCGOM_wD01_KKF301R_NGM_sortfltr_flagstat.txt	2643045	2585352	97.82	2603825	2381937	91.48	2512869	33263	1.28	120372	85665
RAD-CCGOM_wD02_KKF353R_NGM_sortfltr_flagstat.txt	5493848	5329399	97.01	5412604	4920318	90.90	5175542	72613	1.34	234008	165800
RAD-CCGOM_wD03_KKF362R_NGM_sortfltr_flagstat.txt	10715536	10413612	97.18	10612723	9780606	92.16	10155201	155598	1.47	340108	220446
RAD-CCGOM_wD04_KEY070_SWFL_sortfltr_flagstat.txt	5111033	4971232	97.26	5065540	4686983	92.53	4860444	65295	1.29	157194	101513
RAD-CCGOM_wD05_PRCS576C+C_DRTO_sortfltr_flagstat.txt	6795424	6642653	97.75	6714914	6171167	91.90	6475206	86937	1.29	278288	194899
RAD-CCGOM_wD06_KEY073_SWFL_sortfltr_flagstat.txt	3994488	3904485	97.75	3950891	3654173	92.49	3812397	48491	1.23	144816	98264
RAD-CCGOM_wD07_MCK105_CWFL_sortfltr_flagstat.txt	6882612	6705957	97.43	6803616	6259223	92.00	6541148	85813	1.26	257004	174349
RAD-CCGOM_wD08_KEY421_SWFL_sortfltr_flagstat.txt	3110820	3060693	98.39	3082402	2892342	93.83	3007890	24385	0.79	105906	72147
RAD-CCGOM_wD09_MCK126_CWFL_sortfltr_flagstat.txt	7775906	7563667	97.27	7683001	7032783	91.54	7364133	106629	1.39	302698	209594
RAD-CCGOM_wD10_PRCS703_DRTO_sortfltr_flagstat.txt	5812899	5713048	98.28	5758906	5393342	93.65	5610202	48853	0.85	198452	136306
RAD-CCGOM_wD11_PRCS513_DRTO_sortfltr_flagstat.txt	1798726	1761353	97.92	1783708	1664556	93.32	1725702	20633	1.16	55608	37444
RAD-CCGOM_wD12_PRCS577C+C_DRTO_sortfltr_flagstat.txt	2940242	2875048	97.78	2895869	2633470	90.94	2793141	37534	1.30	146892	106977
RAD-CCGOM_wE01_KKF389R_NGM_sortfltr_flagstat.txt	5186637	155900	3.01	5178930	43120	0.83	50166	98027	1.89	6682	1890
RAD-CCGOM_wE02_KKF370R_NGM_sortfltr_flagstat.txt	7131266	6939908	97.32	7059908	6498162	92.04	6761874	106676	1.51	239016	155722
RAD-CCGOM_wE03_KEY077_SWFL_sortfltr_flagstat.txt	5452865	5324295	97.64	5403381	5029053	93.07	5218391	56420	1.04	171970	113575
RAD-CCGOM_wE04_PRCS553C+C_DRTO_sortfltr_flagstat.txt	960	799	83.23	946	454	47.99	648	137	14.48	174	150
RAD-CCGOM_wE05_MCK103_CWFL_sortfltr_flagstat.txt	15051575	14623431	97.16	14904479	13691860	91.86	14247553	228782	1.53	504976	327244
RAD-CCGOM_wE06_KEY440_SWFL_sortfltr_flagstat.txt	1264411	1245803	98.53	1253025	1180890	94.24	1226401	8016	0.64	41822	29768
RAD-CCGOM_wE07_KEY427_SWFL_sortfltr_flagstat.txt	888357	875598	98.56	879235	824931	93.82	861509	4967	0.56	33760	24379
RAD-CCGOM_wE08_KKF359_NGM_sortfltr_flagstat.txt	5084139	4921313	96.80	5035165	4619800	91.75	4803513	68826	1.37	166522	110072
RAD-CCGOM_wE09_MCK124_CWFL_sortfltr_flagstat.txt	2416705	2355804	97.48	2393740	2216580	92.60	2304068	28771	1.20	79324	51666
RAD-CCGOM_wE10_MCK097_CWFL_sortfltr_flagstat.txt	5523005	5412148	97.99	5470018	5098240	93.20	5300834	58327	1.07	183902	122180
RAD-CCGOM_wE11_PRCS495_DRTO_sortfltr_flagstat.txt	3679735	3619125	98.35	3618630	3271302	90.40	3528054	29966	0.83	238884	191042
RAD-CCGOM_wE12_KKF345R_NGM_sortfltr_flagstat.txt	8338236	8130376	97.51	8258083	7639646	92.51	7930363	119860	1.45	263482	169006
RAD-CCGOM_wF01_KKF356R_NGM_sortfltr_flagstat.txt	6461882	6162759	95.37	6400766	5781844	90.33	6003606	98037	1.53	200790	128292
RAD-CCGOM_wF02_KEY417_SWFL_sortfltr_flagstat.txt	2048944	2013099	98.25	2031285	1908852	93.97	1978241	17199	0.85	62970	42627
RAD-CCGOM_wF03_KEY446_SWFL_sortfltr_flagstat.txt	336346	331178	98.46	333791	315843	94.62	326683	1940	0.58	9938	7006
RAD-CCGOM_wF04_KKF309R_NGM_sortfltr_flagstat.txt	5054327	4942776	97.79	5008614	4663975	93.12	4844094	52969	1.06	163348	108633
RAD-CCGOM_wF05_KKF073R_NGM_sortfltr_flagstat.txt	10769445	10514327	97.63	10671423	9907735	92.84	10276485	139820	1.31	335116	213970
RAD-CCGOM_wF06_MCK076_CWFL_sortfltr_flagstat.txt	14187764	13829389	97.47	14052763	12988839	92.43	13493215	201173	1.43	457158	289090
RAD-CCGOM_wF07_MCK122_CWFL_sortfltr_flagstat.txt	7826854	7622187	97.39	7748177	7144021	92.20	7442649	100861	1.30	271362	181114
RAD-CCGOM_wF08_KEY409D_SWFL_sortfltr_flagstat.txt	1857745	1828453	98.42	1840240	1729297	93.97	1797336	13612	0.74	62372	42381
RAD-CCGOM_wF09_KKF328R_NGM_sortfltr_flagstat.txt	11835769	11532689	97.44	11721313	10826095	92.36	11246817	171416	1.46	381450	245331
RAD-CCGOM_wF10_PRCS711C+C_DRTO_sortfltr_flagstat.txt	8626501	8409049	97.48	8536876	7870082	92.19	8191598	127826	1.50	291188	188815
RAD-CCGOM_wF11_PRCS645_DRTO_sortfltr_flagstat.txt	504389	495883	98.31	499342	467623	93.65	486640	4196	0.84	17418	11846
RAD-CCGOM_wF12_PRCS706_DRTO_sortfltr_flagstat.txt	2304829	2260590	98.08	2284276	2133433	93.40	2216432	23605	1.03	75872	51205
RAD-CCGOM_wG01_LLT727R_NGM_sortfltr_flagstat.txt	3680694	3605223	97.95	3646084	3400835	93.27	3531154	39459	1.08	118198	77459
RAD-CCGOM_wG02_MCK110_CWFL_sortfltr_flagstat.txt	3583480	3517271	98.15	3376314	2735358	81.02	3272708	37397	1.11	504404	415109
RAD-CCGOM_wG03_MCK084_CWFL_sortfltr_flagstat.txt	15614842	15196452	97.32	15453224	14239869	92.15	14818296	216538	1.40	524578	334365
RAD-CCGOM_wG04_MCK070_CWFL_sortfltr_flagstat.txt	1701480	1652319	97.11	1684906	1550922	92.05	1611744	24001	1.42	54796	35077
RAD-CCGOM_wG05_KEY066_SWFL_sortfltr_flagstat.txt	6030389	5897592	97.80	5962528	5520368	92.58	5757880	71851	1.21	216642	145747
RAD-CCGOM_wG06_KKF347R_NGM_sortfltr_flagstat.txt	6798832	6630389	97.52	6734071	6240059	92.66	6479919	85709	1.27	217082	140792
RAD-CCGOM_wG07_PRCS704C+C_DRTO_sortfltr_flagstat.txt	6207730	6058927	97.60	6147939	5684825	92.47	5912669	86467	1.41	206648	131073
RAD-CCGOM_wG08_PRCS512_DRTO_sortfltr_flagstat.txt	4017095	3939817	98.08	3981244	3722760	93.51	3863822	40144	1.01	128790	85328
RAD-CCGOM_wG09_PRCS511_DRTO_sortfltr_flagstat.txt	2613685	2562923	98.06	2589706	2416510	93.31	2512846	26098	1.01	87924	60153
RAD-CCGOM_wG10_KKF395R_NGM_sortfltr_flagstat.txt	8952931	8692391	97.09	8857899	8143685	91.94	8475937	121422	1.37	301444	198668
RAD-CCGOM_wG11_PRCS567_DRTO_sortfltr_flagstat.txt	4145653	4064809	98.05	4106158	3830448	93.29	3983966	41348	1.01	140284	96161
RAD-CCGOM_wG12_KEY061_SWFL_sortfltr_flagstat.txt	1065068	1044859	98.10	1054540	986832	93.58	1024576	9755	0.93	34264	22380
RAD-CCGOM_wH01_PRCS487C+C_DRTO_sortfltr_flagstat.txt	4868099	4751812	97.61	4823143	4473545	92.75	4641709	65147	1.35	152060	96809
RAD-CCGOM_wH02_MCK107_CWFL_sortfltr_flagstat.txt	5134823	5008539	97.54	5085255	4705148	92.53	4893763	65208	1.28	171282	111173
RAD-CCGOM_wH03_KKF327R_NGM_sortfltr_flagstat.txt	10334672	10001978	96.78	10231637	9384972	91.73	9756977	141966	1.39	337388	217555
RAD-CCGOM_wH04_MCK113_CWFL_sortfltr_flagstat.txt	4663222	4537656	97.31	4602807	4220928	91.70	4418193	59048	1.28	180120	121650
RAD-CCGOM_wH05_KEY071_SWFL_sortfltr_flagstat.txt	5827564	5699983	97.81	5766149	5341523	92.64	5568307	70261	1.22	206152	138014
RAD-CCGOM_wH06_KEY056_SWFL_sortfltr_flagstat.txt	3943320	3838877	97.35	3902597	3609547	92.49	3757513	40641	1.04	134662	90595
RAD-CCGOM_wH07_KEY418_SWFL_sortfltr_flagstat.txt	8418315	8192903	97.32	8343847	7731829	92.67	8017825	100610	1.21	259700	167718
RAD-CCGOM_wH08_KEY069_SWFL_sortfltr_flagstat.txt	11705183	11403117	97.42	11581515	10654497	92.00	11104827	174622	1.51	410148	268331
RAD-CCGOM_wH09_MCK123_CWFL_sortfltr_flagstat.txt	1558535	1521135	97.60	1543827	1436299	93.03	1492395	14032	0.91	51138	33926
RAD-CCGOM_wH10_PRCS635C+C_DRTO_sortfltr_flagstat.txt	5157684	5049664	97.91	5065747	4561624	90.05	4897469	60258	1.19	310680	234621
RAD-CCGOM_wH11_PRCS531_DRTO_sortfltr_flagstat.txt	2347215	2306594	98.27	2313232	2125067	91.87	2251926	20685	0.89	117722	89045
RAD-CCGOM_wH12_KEY431_SWFL_sortfltr_flagstat.txt	984469	967943	98.32	975617	916155	93.91	951537	7554	0.77	32334	21953
