sampleID	total reads QC passed	mapped reads QC passed	percent reads mapped	paired in sequencing reads QC passed	properly paired QC passed	percent properly paired	with itself and mate mapped QC passed	singletons QC passed	percent singletons 	with mate mapped to a different chr QC passed	with mate mapped to a different chr (mapQ>=5) QC passed
RAD-CCGOM_wA01_MCK119_CWFL_sort_flagstat.txt	15848430	15604692	98.46	15747492	15019518	95.38	15370532	133222	0.85	304994	196817
RAD-CCGOM_wA02_KKF378R_NGM_sort_flagstat.txt	16273906	16029986	98.50	16165674	15406944	95.31	15774668	147086	0.91	319220	203849
RAD-CCGOM_wA03_MML047_NGM_sort_flagstat.txt	1429693	1413409	98.86	1419430	1357756	95.66	1396988	6158	0.43	35112	25108
RAD-CCGOM_wA04_KKF351R_NGM_sort_flagstat.txt	16724441	16458239	98.41	16618346	15849268	95.37	16214106	138038	0.83	316342	207201
RAD-CCGOM_wA05_KEY074_SWFL_sort_flagstat.txt	7315253	7217603	98.67	7271598	6966996	95.81	7123614	50334	0.69	136534	88700
RAD-CCGOM_wA06_KEY047_SWFL_sort_flagstat.txt	6049096	5922801	97.91	6013598	5711942	94.98	5844584	42719	0.71	115090	74649
RAD-CCGOM_wA07_KKF364R_NGM_sort_flagstat.txt	9280346	9147411	98.57	9198004	8720340	94.81	8991448	73621	0.80	240588	170746
RAD-CCGOM_wA08_KEY444_SWFL_sort_flagstat.txt	3812171	3735416	97.99	3790828	3607696	95.17	3689090	24983	0.66	71254	46954
RAD-CCGOM_wA09_PRCS502_DRTO_sort_flagstat.txt	3767536	3719350	98.72	3744976	3586304	95.76	3671206	25584	0.68	74662	49263
RAD-CCGOM_wA10_KKF307R_NGM_sort_flagstat.txt	5639528	5551460	98.44	5601334	5332610	95.20	5468774	44492	0.79	119234	80190
RAD-CCGOM_wA11_PRCS481_DRTO_sort_flagstat.txt	4239728	4195735	98.96	4210560	4027924	95.66	4146164	20403	0.48	105550	75695
RAD-CCGOM_wA12_PRCS632_DRTO_sort_flagstat.txt	3067198	3031713	98.84	3049286	2927902	96.02	2996836	16965	0.56	60354	40735
RAD-CCGOM_wB01_PRCS500C+C_DRTO_sort_flagstat.txt	18468932	18201317	98.55	18357106	17515714	95.42	17937252	152239	0.83	368762	242416
RAD-CCGOM_wB02_KEY433_SWFL_sort_flagstat.txt	3054352	3020829	98.90	3033206	2905638	95.79	2984624	15059	0.50	69786	47410
RAD-CCGOM_wB03_KKF325R_NGM_sort_flagstat.txt	9738179	9573261	98.31	9681058	9235490	95.40	9436504	79636	0.82	173864	111362
RAD-CCGOM_wB04_MCK099_CWFL_sort_flagstat.txt	9300117	9074016	97.57	9247970	8747826	94.59	8938946	82923	0.90	165628	105902
RAD-CCGOM_wB05_KEY048_SWFL_sort_flagstat.txt	5221972	5151841	98.66	5187362	4954600	95.51	5078666	38565	0.74	108842	72437
RAD-CCGOM_wB06_PRCS543_DRTO_sort_flagstat.txt	11459381	11316002	98.75	11390384	10907542	95.76	11170514	76491	0.67	231664	152509
RAD-CCGOM_wB07_KEY419_SWFL_sort_flagstat.txt	3109749	3071336	98.76	3090356	2957968	95.72	3034914	17029	0.55	68134	47307
RAD-CCGOM_wB08_MCK080_CWFL_sort_flagstat.txt	21454892	21111727	98.40	21321718	20329406	95.35	20797380	181173	0.85	405288	261374
RAD-CCGOM_wB09_MCK117_CWFL_sort_flagstat.txt	20457227	20135567	98.43	20329126	19378402	95.32	19837596	169870	0.84	399582	261519
RAD-CCGOM_wB10_MCK128_CWFL_sort_flagstat.txt	2926924	2882344	98.48	2910264	2780916	95.56	2842050	23634	0.81	53008	34173
RAD-CCGOM_wB11_PRCS498_DRTO_sort_flagstat.txt	3232111	3193588	98.81	3204826	3046034	95.05	3146602	19701	0.61	89926	66141
RAD-CCGOM_wB12_PRCS514_DRTO_sort_flagstat.txt	2820252	2790048	98.93	2794778	2657694	95.09	2749850	14724	0.53	82042	59575
RAD-CCGOM_wC01_MCK121_CWFL_sort_flagstat.txt	15024764	14618603	97.30	14752804	13037094	88.37	14118654	227989	1.55	840966	458976
RAD-CCGOM_wC02_KKF369R_NGM_sort_flagstat.txt	6061886	5971624	98.51	6003036	5678674	94.60	5862990	49784	0.83	163228	116944
RAD-CCGOM_wC03_MCK065_CWFL_sort_flagstat.txt	8466	8354	98.68	8426	8060	95.66	8264	50	0.59	174	130
RAD-CCGOM_wC04_KEY076_SWFL_sort_flagstat.txt	17745547	17467522	98.43	17635456	16805960	95.30	17196796	160635	0.91	338742	219881
RAD-CCGOM_wC05_PRCS682_DRTO_sort_flagstat.txt	32463789	32011910	98.61	32179156	30494378	94.76	31462740	264537	0.82	851078	598973
RAD-CCGOM_wC06_MCK079_CWFL_sort_flagstat.txt	23853148	23460905	98.36	23687014	22500940	94.99	23092716	202055	0.85	520234	350531
RAD-CCGOM_wC07_KEY428_SWFL_sort_flagstat.txt	1125349	1107850	98.45	1118482	1068700	95.55	1094746	6237	0.56	23344	15702
RAD-CCGOM_wC08_KEY438_SWFL_sort_flagstat.txt	9984961	9779040	97.94	9921304	9423266	94.98	9652566	62817	0.63	201468	133108
RAD-CCGOM_wC09_MCK127_CWFL_sort_flagstat.txt	17382970	17081838	98.27	17267842	16400044	94.97	16816030	150680	0.87	363476	242428
RAD-CCGOM_wC10_PRCS549_DRTO_sort_flagstat.txt	6300374	6227692	98.85	6261502	6003962	95.89	6152078	36742	0.59	130312	88143
RAD-CCGOM_wC11_MCK102_CWFL_sort_flagstat.txt	9106463	8967597	98.48	9045494	8614338	95.23	8831888	74740	0.83	190980	127935
RAD-CCGOM_wC12_PRCS548_DRTO_sort_flagstat.txt	2967900	2934492	98.87	2950232	2830878	95.95	2900894	15930	0.54	61902	41701
RAD-CCGOM_wD01_KKF301R_NGM_sort_flagstat.txt	4276200	4218507	98.65	4233940	4007582	94.65	4142984	33263	0.79	120372	85665
RAD-CCGOM_wD02_KKF353R_NGM_sort_flagstat.txt	9113690	8949241	98.20	9025876	8524350	94.44	8788814	72613	0.80	234008	165800
RAD-CCGOM_wD03_KKF362R_NGM_sort_flagstat.txt	18459442	18157518	98.36	18347118	17499308	95.38	17889596	155598	0.85	340108	220446
RAD-CCGOM_wD04_KEY070_SWFL_sort_flagstat.txt	8402743	8262942	98.34	8353420	7967638	95.38	8148324	65295	0.78	157194	101513
RAD-CCGOM_wD05_PRCS576C+C_DRTO_sort_flagstat.txt	11276993	11124222	98.65	11189730	10634054	95.03	10950022	86937	0.78	278288	194899
RAD-CCGOM_wD06_KEY073_SWFL_sort_flagstat.txt	6320171	6230168	98.58	6273336	5971448	95.19	6134842	48491	0.77	144816	98264
RAD-CCGOM_wD07_MCK105_CWFL_sort_flagstat.txt	11438927	11262272	98.46	11353218	10798212	95.11	11090750	85813	0.76	257004	174349
RAD-CCGOM_wD08_KEY421_SWFL_sort_flagstat.txt	4602093	4551966	98.91	4571834	4378350	95.77	4497322	24385	0.53	105906	72147
RAD-CCGOM_wD09_MCK126_CWFL_sort_flagstat.txt	13182784	12970545	98.39	13081444	12418056	94.93	12762576	106629	0.82	302698	209594
RAD-CCGOM_wD10_PRCS703_DRTO_sort_flagstat.txt	8933812	8833961	98.88	8875722	8502516	95.80	8727018	48853	0.55	198452	136306
RAD-CCGOM_wD11_PRCS513_DRTO_sort_flagstat.txt	2777890	2740517	98.65	2761804	2640574	95.61	2703798	20633	0.75	55608	37444
RAD-CCGOM_wD12_PRCS577C+C_DRTO_sort_flagstat.txt	4893121	4827927	98.67	4844848	4576240	94.46	4742120	37534	0.77	146892	106977
RAD-CCGOM_wE01_KKF389R_NGM_sort_flagstat.txt	5241242	210505	4.02	5233354	97438	1.86	104590	98027	1.87	6682	1890
RAD-CCGOM_wE02_KKF370R_NGM_sort_flagstat.txt	12324107	12132749	98.45	12246212	11672800	95.32	11948178	106676	0.87	239016	155722
RAD-CCGOM_wE03_KEY077_SWFL_sort_flagstat.txt	8626519	8497949	98.51	8572976	8191430	95.55	8387986	56420	0.66	171970	113575
RAD-CCGOM_wE04_PRCS553C+C_DRTO_sort_flagstat.txt	964	803	83.30	950	458	48.21	652	137	14.42	174	150
RAD-CCGOM_wE05_MCK103_CWFL_sort_flagstat.txt	26309478	25881334	98.37	26148462	24911390	95.27	25491536	228782	0.87	504976	327244
RAD-CCGOM_wE06_KEY440_SWFL_sort_flagstat.txt	1790418	1771810	98.96	1778418	1705054	95.87	1751794	8016	0.45	41822	29768
RAD-CCGOM_wE07_KEY427_SWFL_sort_flagstat.txt	1208911	1196152	98.94	1199268	1144024	95.39	1181542	4967	0.41	33760	24379
RAD-CCGOM_wE08_KKF359_NGM_sort_flagstat.txt	8462768	8299942	98.08	8409782	7986856	94.97	8178130	68826	0.82	166522	110072
RAD-CCGOM_wE09_MCK124_CWFL_sort_flagstat.txt	3987727	3926826	98.47	3962876	3782220	95.44	3873204	28771	0.73	79324	51666
RAD-CCGOM_wE10_MCK097_CWFL_sort_flagstat.txt	8792420	8681563	98.74	8735018	8355702	95.66	8565834	58327	0.67	183902	122180
RAD-CCGOM_wE11_PRCS495_DRTO_sort_flagstat.txt	5515392	5454782	98.90	5449260	5094180	93.48	5358684	29966	0.55	238884	191042
RAD-CCGOM_wE12_KKF345R_NGM_sort_flagstat.txt	14235989	14028129	98.54	14148670	13518226	95.54	13820950	119860	0.85	263482	169006
RAD-CCGOM_wF01_KKF356R_NGM_sort_flagstat.txt	10846063	10546940	97.24	10779492	10151576	94.17	10382332	98037	0.91	200790	128292
RAD-CCGOM_wF02_KEY417_SWFL_sort_flagstat.txt	3074635	3038790	98.83	3055736	2930942	95.92	3002692	17199	0.56	62970	42627
RAD-CCGOM_wF03_KEY446_SWFL_sort_flagstat.txt	482355	477187	98.93	479630	461370	96.19	472522	1940	0.40	9938	7006
RAD-CCGOM_wF04_KKF309R_NGM_sort_flagstat.txt	7994166	7882615	98.60	7944782	7593022	95.57	7780262	52969	0.67	163348	108633
RAD-CCGOM_wF05_KKF073R_NGM_sort_flagstat.txt	18097130	17842012	98.59	17990552	17211270	95.67	17595614	139820	0.78	335116	213970
RAD-CCGOM_wF06_MCK076_CWFL_sort_flagstat.txt	24828776	24470401	98.56	24681160	23594650	95.60	24121612	201173	0.82	457158	289090
RAD-CCGOM_wF07_MCK122_CWFL_sort_flagstat.txt	13132211	12927544	98.44	13046550	12430196	95.28	12741022	100861	0.77	271362	181114
RAD-CCGOM_wF08_KEY409D_SWFL_sort_flagstat.txt	2698053	2668761	98.91	2679386	2566474	95.79	2636482	13612	0.51	62372	42381
RAD-CCGOM_wF09_KKF328R_NGM_sort_flagstat.txt	20493322	20190242	98.52	20368418	19454886	95.51	19893922	171416	0.84	381450	245331
RAD-CCGOM_wF10_PRCS711C+C_DRTO_sort_flagstat.txt	14889317	14671865	98.54	14791248	14109910	95.39	14445970	127826	0.86	291188	188815
RAD-CCGOM_wF11_PRCS645_DRTO_sort_flagstat.txt	763687	755181	98.89	758320	725970	95.73	745618	4196	0.55	17418	11846
RAD-CCGOM_wF12_PRCS706_DRTO_sort_flagstat.txt	3536823	3492584	98.75	3514730	3361150	95.63	3446886	23605	0.67	75872	51205
RAD-CCGOM_wG01_LLT727R_NGM_sort_flagstat.txt	5748420	5672949	98.69	5711140	5460984	95.62	5596210	39459	0.69	118198	77459
RAD-CCGOM_wG02_MCK110_CWFL_sort_flagstat.txt	5298801	5232592	98.75	5078140	4423134	87.10	4974534	37397	0.74	504404	415109
RAD-CCGOM_wG03_MCK084_CWFL_sort_flagstat.txt	27329027	26910637	98.47	27152090	25913664	95.44	26517162	216538	0.80	524578	334365
RAD-CCGOM_wG04_MCK070_CWFL_sort_flagstat.txt	2876528	2827367	98.29	2858352	2721768	95.22	2785190	24001	0.84	54796	35077
RAD-CCGOM_wG05_KEY066_SWFL_sort_flagstat.txt	9831780	9698983	98.65	9758444	9307444	95.38	9553796	71851	0.74	216642	145747
RAD-CCGOM_wG06_KKF347R_NGM_sort_flagstat.txt	11229335	11060892	98.50	11158946	10655028	95.48	10904794	85709	0.77	217082	140792
RAD-CCGOM_wG07_PRCS704C+C_DRTO_sort_flagstat.txt	10622700	10473897	98.60	10557412	10084458	95.52	10322142	86467	0.82	206648	131073
RAD-CCGOM_wG08_PRCS512_DRTO_sort_flagstat.txt	6376483	6299205	98.79	6337700	6074124	95.84	6220278	40144	0.63	128790	85328
RAD-CCGOM_wG09_PRCS511_DRTO_sort_flagstat.txt	4053376	4002614	98.75	4027534	3850916	95.61	3950674	26098	0.65	87924	60153
RAD-CCGOM_wG10_KKF395R_NGM_sort_flagstat.txt	15316508	15055968	98.30	15212644	14484378	95.21	14830682	121422	0.80	301444	198668
RAD-CCGOM_wG11_PRCS567_DRTO_sort_flagstat.txt	6573984	6493140	98.77	6531346	6250060	95.69	6409154	41348	0.63	140284	96161
RAD-CCGOM_wG12_KEY061_SWFL_sort_flagstat.txt	1629495	1609286	98.76	1618232	1549168	95.73	1588268	9755	0.60	34264	22380
RAD-CCGOM_wH01_PRCS487C+C_DRTO_sort_flagstat.txt	8281135	8164848	98.60	8232100	7875204	95.66	8050666	65147	0.79	152060	96809
RAD-CCGOM_wH02_MCK107_CWFL_sort_flagstat.txt	8555687	8429403	98.52	8501880	8114100	95.44	8310388	65208	0.77	171282	111173
RAD-CCGOM_wH03_KKF327R_NGM_sort_flagstat.txt	17859597	17526903	98.14	17746706	16883562	95.14	17272046	141966	0.80	337388	217555
RAD-CCGOM_wH04_MCK113_CWFL_sort_flagstat.txt	7825148	7699582	98.40	7759602	7369970	94.98	7574988	59048	0.76	180120	121650
RAD-CCGOM_wH05_KEY071_SWFL_sort_flagstat.txt	9608644	9481063	98.67	9541766	9108052	95.45	9343924	70261	0.74	206152	138014
RAD-CCGOM_wH06_KEY056_SWFL_sort_flagstat.txt	6161987	6057544	98.31	6118158	5819346	95.12	5973074	40641	0.66	134662	90595
RAD-CCGOM_wH07_KEY418_SWFL_sort_flagstat.txt	13751933	13526521	98.36	13671196	13047616	95.44	13345174	100610	0.74	259700	167718
RAD-CCGOM_wH08_KEY069_SWFL_sort_flagstat.txt	20367258	20065192	98.52	20232320	19286264	95.32	19755632	174622	0.86	410148	268331
RAD-CCGOM_wH09_MCK123_CWFL_sort_flagstat.txt	2367312	2329912	98.42	2351462	2242074	95.35	2300030	14032	0.60	51138	33926
RAD-CCGOM_wH10_PRCS635C+C_DRTO_sort_flagstat.txt	8491273	8383253	98.73	8391110	7874572	93.84	8222832	60258	0.72	310680	234621
RAD-CCGOM_wH11_PRCS531_DRTO_sort_flagstat.txt	3503435	3462814	98.84	3466896	3275242	94.47	3405590	20685	0.60	117722	89045
RAD-CCGOM_wH12_KEY431_SWFL_sort_flagstat.txt	1455774	1439248	98.86	1446330	1385700	95.81	1422250	7554	0.52	32334	21953
