sampleID	total reads QC passed	mapped reads QC passed	percent reads mapped	paired in sequencing reads QC passed	properly paired QC passed	percent properly paired	with itself and mate mapped QC passed	singletons QC passed	percent singletons 	with mate mapped to a different chr QC passed	with mate mapped to a different chr (mapQ>=5) QC passed
RAD-CCGOM_wA01_MCK119_CWFL_sort_flagstat.txt	9910215	9729308	98.17	9724646	8674036	89.20	9416128	127611	1.31	593908	298377
RAD-CCGOM_wA02_KKF378R_NGM_sort_flagstat.txt	10186570	10002613	98.19	9991118	8892346	89.00	9666518	140643	1.41	620560	311213
RAD-CCGOM_wA03_MML047_NGM_sort_flagstat.txt	881732	870239	98.70	863078	780510	90.43	845398	6187	0.72	52088	28192
RAD-CCGOM_wA04_KKF351R_NGM_sort_flagstat.txt	10479260	10294308	98.24	10279540	9192740	89.43	9964680	129908	1.26	618508	315770
RAD-CCGOM_wA05_KEY074_SWFL_sort_flagstat.txt	4484729	4419510	98.55	4402898	3965306	90.06	4291652	46027	1.05	262154	132289
RAD-CCGOM_wA06_KEY047_SWFL_sort_flagstat.txt	3766500	3680118	97.71	3696156	3296292	89.18	3568660	41114	1.11	218272	110524
RAD-CCGOM_wA07_KKF364R_NGM_sort_flagstat.txt	5794257	5696019	98.30	5672128	5032884	88.73	5502508	71382	1.26	381110	205106
RAD-CCGOM_wA08_KEY444_SWFL_sort_flagstat.txt	2381391	2328566	97.78	2335118	2091070	89.55	2257616	24677	1.06	132700	67732
RAD-CCGOM_wA09_PRCS502_DRTO_sort_flagstat.txt	2349425	2315554	98.56	2302130	2072300	90.02	2243596	24663	1.07	135556	69361
RAD-CCGOM_wA10_KKF307R_NGM_sort_flagstat.txt	3520760	3459384	98.26	3452090	3082818	89.30	3348886	41828	1.21	214582	111791
RAD-CCGOM_wA11_PRCS481_DRTO_sort_flagstat.txt	2625035	2593712	98.81	2568126	2325988	90.57	2516212	20591	0.80	152314	83701
RAD-CCGOM_wA12_PRCS632_DRTO_sort_flagstat.txt	1910274	1885790	98.72	1873684	1698340	90.64	1832390	16810	0.90	107574	55998
RAD-CCGOM_wB01_PRCS500C+C_DRTO_sort_flagstat.txt	11555831	11366776	98.36	11338392	10151440	89.53	11005520	143817	1.27	683948	348124
RAD-CCGOM_wB02_KEY433_SWFL_sort_flagstat.txt	1895507	1868784	98.59	1856614	1674678	90.20	1813664	16227	0.87	112324	58353
RAD-CCGOM_wB03_KKF325R_NGM_sort_flagstat.txt	6073973	5962273	98.16	5962214	5337886	89.53	5777214	73300	1.23	352122	176801
RAD-CCGOM_wB04_MCK099_CWFL_sort_flagstat.txt	5834362	5681460	97.38	5728400	5075860	88.61	5498458	77040	1.34	336898	169399
RAD-CCGOM_wB05_KEY048_SWFL_sort_flagstat.txt	3270611	3219993	98.45	3206204	2868166	89.46	3118744	36842	1.15	201108	102035
RAD-CCGOM_wB06_PRCS543_DRTO_sort_flagstat.txt	7163982	7058070	98.52	7023766	6310668	89.85	6842066	75788	1.08	425848	216129
RAD-CCGOM_wB07_KEY419_SWFL_sort_flagstat.txt	1938208	1911095	98.60	1898434	1711490	90.15	1854436	16885	0.89	114120	60111
RAD-CCGOM_wB08_MCK080_CWFL_sort_flagstat.txt	13481722	13235140	98.17	13229930	11812674	89.29	12812654	170694	1.29	801752	404571
RAD-CCGOM_wB09_MCK117_CWFL_sort_flagstat.txt	12844588	12612265	98.19	12593944	11234860	89.21	12198592	163029	1.29	770248	390201
RAD-CCGOM_wB10_MCK128_CWFL_sort_flagstat.txt	1831023	1800011	98.31	1795602	1609176	89.62	1742298	22292	1.24	106580	54055
RAD-CCGOM_wB11_PRCS498_DRTO_sort_flagstat.txt	2014057	1985698	98.59	1969886	1762242	89.46	1922188	19339	0.98	129528	72368
RAD-CCGOM_wB12_PRCS514_DRTO_sort_flagstat.txt	1758095	1735929	98.74	1717988	1538758	89.57	1680754	15068	0.88	115246	63826
RAD-CCGOM_wC01_MCK121_CWFL_sort_flagstat.txt	9153448	9050211	98.87	9098850	8703202	95.65	8925494	70119	0.77	169040	111372
RAD-CCGOM_wC02_KKF369R_NGM_sort_flagstat.txt	3788846	3724274	98.30	3705544	3284234	88.63	3593720	47252	1.28	250266	136549
RAD-CCGOM_wC03_MCK065_CWFL_sort_flagstat.txt	5134	5062	98.60	5034	4568	90.74	4922	40	0.79	280	155
RAD-CCGOM_wC04_KEY076_SWFL_sort_flagstat.txt	11090087	10886663	98.17	10882074	9715746	89.28	10526448	152202	1.40	649406	330096
RAD-CCGOM_wC05_PRCS682_DRTO_sort_flagstat.txt	20332258	19991508	98.32	19895158	17607400	88.50	19295504	258904	1.30	1361702	730448
RAD-CCGOM_wC06_MCK079_CWFL_sort_flagstat.txt	14910040	14622203	98.07	14627304	13005632	88.91	14144704	194763	1.33	921400	478416
RAD-CCGOM_wC07_KEY428_SWFL_sort_flagstat.txt	699042	686906	98.26	684882	615972	89.94	666476	6270	0.92	40480	20997
RAD-CCGOM_wC08_KEY438_SWFL_sort_flagstat.txt	6215761	6072392	97.69	6098472	5438260	89.17	5891770	63333	1.04	364490	186339
RAD-CCGOM_wC09_MCK127_CWFL_sort_flagstat.txt	10874723	10659233	98.02	10669794	9490228	88.94	10311194	143110	1.34	657462	340402
RAD-CCGOM_wC10_PRCS549_DRTO_sort_flagstat.txt	3922350	3869391	98.65	3845342	3468846	90.21	3755688	36695	0.95	230610	119725
RAD-CCGOM_wC11_MCK102_CWFL_sort_flagstat.txt	5706159	5605525	98.24	5594216	4995584	89.30	5421428	72154	1.29	341028	177351
RAD-CCGOM_wC12_PRCS548_DRTO_sort_flagstat.txt	1840798	1817802	98.75	1803698	1635162	90.66	1765042	15660	0.87	103570	53662
RAD-CCGOM_wD01_KKF301R_NGM_sort_flagstat.txt	2666579	2622236	98.34	2607288	2306444	88.46	2530038	32907	1.26	181414	98367
RAD-CCGOM_wD02_KKF353R_NGM_sort_flagstat.txt	5697758	5582657	97.98	5575570	4936084	88.53	5392040	68429	1.23	370578	200120
RAD-CCGOM_wD03_KKF362R_NGM_sort_flagstat.txt	11545150	11335264	98.18	11336196	10145898	89.50	10982102	144208	1.27	672554	342552
RAD-CCGOM_wD04_KEY070_SWFL_sort_flagstat.txt	5241676	5144106	98.14	5146716	4606206	89.50	4986950	62196	1.21	305994	154567
RAD-CCGOM_wD05_PRCS576C+C_DRTO_sort_flagstat.txt	7047816	6936417	98.42	6896152	6138530	89.01	6701488	83265	1.21	449844	240216
RAD-CCGOM_wD06_KEY073_SWFL_sort_flagstat.txt	3956051	3889762	98.32	3875102	3453350	89.12	3762034	46779	1.21	247118	127448
RAD-CCGOM_wD07_MCK105_CWFL_sort_flagstat.txt	7117852	6991644	98.23	6973920	6211450	89.07	6765648	82064	1.18	445004	232501
RAD-CCGOM_wD08_KEY421_SWFL_sort_flagstat.txt	2859431	2821320	98.67	2799784	2520986	90.04	2736752	24921	0.89	172750	89170
RAD-CCGOM_wD09_MCK126_CWFL_sort_flagstat.txt	8245945	8095106	98.17	8081126	7192346	89.00	7829456	100831	1.25	513920	272927
RAD-CCGOM_wD10_PRCS703_DRTO_sort_flagstat.txt	5562157	5489820	98.70	5448520	4920002	90.30	5327830	48353	0.89	326718	172073
RAD-CCGOM_wD11_PRCS513_DRTO_sort_flagstat.txt	1737606	1709561	98.39	1704342	1530438	89.80	1655852	20445	1.20	100110	51648
RAD-CCGOM_wD12_PRCS577C+C_DRTO_sort_flagstat.txt	3071229	3021000	98.36	2998522	2650118	88.38	2910976	37317	1.24	210036	117236
RAD-CCGOM_wE01_KKF389R_NGM_sort_flagstat.txt	3241130	127136	3.92	3235658	58358	1.80	63080	58584	1.81	4344	1288
RAD-CCGOM_wE02_KKF370R_NGM_sort_flagstat.txt	7729237	7589692	98.19	7585408	6775992	89.33	7343802	102061	1.35	455468	233595
RAD-CCGOM_wE03_KEY077_SWFL_sort_flagstat.txt	5398441	5308500	98.33	5296082	4755092	89.79	5150786	55355	1.05	318548	163243
RAD-CCGOM_wE04_PRCS553C+C_DRTO_sort_flagstat.txt	330	284	86.06	326	218	66.87	242	38	11.66	24	21
RAD-CCGOM_wE05_MCK103_CWFL_sort_flagstat.txt	16528308	16218915	98.13	16222970	14464510	89.16	15694840	218737	1.35	985494	499204
RAD-CCGOM_wE06_KEY440_SWFL_sort_flagstat.txt	1107831	1094273	98.78	1086042	986444	90.83	1064086	8398	0.77	62676	34157
RAD-CCGOM_wE07_KEY427_SWFL_sort_flagstat.txt	747596	737441	98.64	729820	657478	90.09	714386	5279	0.72	44932	25218
RAD-CCGOM_wE08_KKF359_NGM_sort_flagstat.txt	5301913	5189319	97.88	5202014	4637206	89.14	5024106	65314	1.26	309942	159775
RAD-CCGOM_wE09_MCK124_CWFL_sort_flagstat.txt	2487975	2445640	98.30	2441226	2186542	89.57	2371338	27553	1.13	147594	74925
RAD-CCGOM_wE10_MCK097_CWFL_sort_flagstat.txt	5475685	5395620	98.54	5369948	4822310	89.80	5233150	56733	1.06	329718	168312
RAD-CCGOM_wE11_PRCS495_DRTO_sort_flagstat.txt	3426276	3381730	98.70	3340848	2944684	88.14	3266422	29880	0.89	267242	165877
RAD-CCGOM_wE12_KKF345R_NGM_sort_flagstat.txt	8935170	8785092	98.32	8768578	7856216	89.60	8502868	115632	1.32	517856	262587
RAD-CCGOM_wF01_KKF356R_NGM_sort_flagstat.txt	6807882	6601436	96.97	6684082	5893496	88.17	6383484	94152	1.41	393602	199651
RAD-CCGOM_wF02_KEY417_SWFL_sort_flagstat.txt	1908617	1883864	98.70	1871618	1692692	90.44	1830064	16801	0.90	109972	56702
RAD-CCGOM_wF03_KEY446_SWFL_sort_flagstat.txt	297964	294411	98.81	291912	265462	90.94	286432	1927	0.66	17070	9058
RAD-CCGOM_wF04_KKF309R_NGM_sort_flagstat.txt	4990620	4912243	98.43	4895102	4396914	89.82	4765242	51483	1.05	294454	151303
RAD-CCGOM_wF05_KKF073R_NGM_sort_flagstat.txt	11341270	11159918	98.40	11128008	9986684	89.74	10812586	134070	1.20	659300	330911
RAD-CCGOM_wF06_MCK076_CWFL_sort_flagstat.txt	15541067	15283953	98.35	15249098	13656966	89.56	14801686	190298	1.25	913144	454173
RAD-CCGOM_wF07_MCK122_CWFL_sort_flagstat.txt	8222542	8077975	98.24	8067782	7207390	89.34	7826538	96677	1.20	497316	256023
RAD-CCGOM_wF08_KEY409D_SWFL_sort_flagstat.txt	1676496	1654744	98.70	1642126	1483992	90.37	1606558	13816	0.84	98458	51926
RAD-CCGOM_wF09_KKF328R_NGM_sort_flagstat.txt	12859491	12641406	98.30	12616520	11291458	89.50	12235488	162947	1.29	753194	381318
RAD-CCGOM_wF10_PRCS711C+C_DRTO_sort_flagstat.txt	9311609	9154031	98.31	9127020	8153146	89.33	8848532	120910	1.32	549556	274815
RAD-CCGOM_wF11_PRCS645_DRTO_sort_flagstat.txt	475638	468767	98.56	465824	418942	89.94	454562	4391	0.94	27670	14390
RAD-CCGOM_wF12_PRCS706_DRTO_sort_flagstat.txt	2207071	2174340	98.52	2161682	1941046	89.79	2105696	23255	1.08	130042	67545
RAD-CCGOM_wG01_LLT727R_NGM_sort_flagstat.txt	3605549	3546843	98.37	3533564	3161538	89.47	3434938	39920	1.13	216658	108547
RAD-CCGOM_wG02_MCK110_CWFL_sort_flagstat.txt	3293854	3243182	98.46	3118210	2531214	81.18	3032212	35326	1.13	422086	290876
RAD-CCGOM_wG03_MCK084_CWFL_sort_flagstat.txt	17058292	16755533	98.23	16737450	14945400	89.29	16225214	209477	1.25	1023854	515110
RAD-CCGOM_wG04_MCK070_CWFL_sort_flagstat.txt	1797533	1761277	97.98	1761948	1570552	89.14	1702406	23286	1.32	103122	51737
RAD-CCGOM_wG05_KEY066_SWFL_sort_flagstat.txt	6141538	6041869	98.38	6019230	5380664	89.39	5849482	70079	1.16	376714	194680
RAD-CCGOM_wG06_KKF347R_NGM_sort_flagstat.txt	7018567	6898400	98.29	6889940	6171566	89.57	6688058	81715	1.19	412930	208384
RAD-CCGOM_wG07_PRCS704C+C_DRTO_sort_flagstat.txt	6656946	6545203	98.32	6532510	5842000	89.43	6337274	83493	1.28	391116	193816
RAD-CCGOM_wG08_PRCS512_DRTO_sort_flagstat.txt	3980132	3923758	98.58	3901334	3513848	90.07	3805304	39656	1.02	230614	116239
RAD-CCGOM_wG09_PRCS511_DRTO_sort_flagstat.txt	2528426	2492450	98.58	2477902	2229580	89.98	2416540	25386	1.02	149960	78337
RAD-CCGOM_wG10_KKF395R_NGM_sort_flagstat.txt	9561622	9381230	98.11	9377536	8383070	89.40	9083484	113660	1.21	560316	286105
RAD-CCGOM_wG11_PRCS567_DRTO_sort_flagstat.txt	4105589	4047525	98.59	4026614	3630822	90.17	3927544	41006	1.02	237900	124995
RAD-CCGOM_wG12_KEY061_SWFL_sort_flagstat.txt	1012125	996140	98.42	990850	888126	89.63	964938	9927	1.00	59782	30116
RAD-CCGOM_wH01_PRCS487C+C_DRTO_sort_flagstat.txt	5167770	5085777	98.41	5071126	4548222	89.69	4927942	61191	1.21	301246	148881
RAD-CCGOM_wH02_MCK107_CWFL_sort_flagstat.txt	5358503	5267569	98.30	5251880	4693982	89.38	5098460	62486	1.19	322124	161867
RAD-CCGOM_wH03_KKF327R_NGM_sort_flagstat.txt	11175176	10941371	97.91	10970576	9791604	89.25	10600192	136579	1.24	648302	328654
RAD-CCGOM_wH04_MCK113_CWFL_sort_flagstat.txt	4877095	4785684	98.13	4775218	4249338	88.99	4627396	56411	1.18	300224	154380
RAD-CCGOM_wH05_KEY071_SWFL_sort_flagstat.txt	5996582	5901357	98.41	5878368	5259272	89.47	5714574	68569	1.17	364668	187349
RAD-CCGOM_wH06_KEY056_SWFL_sort_flagstat.txt	3838696	3764887	98.08	3760594	3353986	89.19	3646456	40329	1.07	235778	121366
RAD-CCGOM_wH07_KEY418_SWFL_sort_flagstat.txt	8568907	8410827	98.16	8411606	7534000	89.57	8156388	97138	1.15	499248	250211
RAD-CCGOM_wH08_KEY069_SWFL_sort_flagstat.txt	12780503	12562075	98.29	12537242	11196226	89.30	12153342	165472	1.32	766296	391253
RAD-CCGOM_wH09_MCK123_CWFL_sort_flagstat.txt	1478197	1450629	98.14	1449014	1298158	89.59	1406824	14622	1.01	87300	45018
RAD-CCGOM_wH10_PRCS635C+C_DRTO_sort_flagstat.txt	5306917	5224175	98.44	5180018	4553692	87.91	5037652	59624	1.15	396206	227897
RAD-CCGOM_wH11_PRCS531_DRTO_sort_flagstat.txt	2183855	2153449	98.61	2130626	1892618	88.83	2079436	20784	0.98	150326	87111
RAD-CCGOM_wH12_KEY431_SWFL_sort_flagstat.txt	905089	892483	98.61	885346	797844	90.12	864854	7886	0.89	53286	27655
