sampleID	total reads QC passed	mapped reads QC passed	percent reads mapped	paired in sequencing reads QC passed	properly paired QC passed	percent properly paired	with itself and mate mapped QC passed	singletons QC passed	percent singletons 	with mate mapped to a different chr QC passed	with mate mapped to a different chr (mapQ>=5) QC passed
RAD-CCGOM_wA01_MCK119_CWFL_sortfltr_flagstat.txt	6612643	6431736	97.26	6451652	5444692	84.39	6143134	127611	1.98	593908	298377
RAD-CCGOM_wA02_KKF378R_NGM_sortfltr_flagstat.txt	6774784	6590827	97.28	6605684	5552120	84.05	6281084	140643	2.13	620560	311213
RAD-CCGOM_wA03_MML047_NGM_sortfltr_flagstat.txt	673032	661539	98.29	656184	576715	87.89	638504	6187	0.94	52088	28192
RAD-CCGOM_wA04_KKF351R_NGM_sortfltr_flagstat.txt	6988145	6803193	97.35	6816007	5775483	84.73	6501147	129908	1.91	618508	315770
RAD-CCGOM_wA05_KEY074_SWFL_sortfltr_flagstat.txt	3101264	3036045	97.90	3028856	2608063	86.11	2917610	46027	1.52	262154	132289
RAD-CCGOM_wA06_KEY047_SWFL_sortfltr_flagstat.txt	2639214	2552832	96.73	2576944	2191433	85.04	2449448	41114	1.60	218272	110524
RAD-CCGOM_wA07_KKF364R_NGM_sortfltr_flagstat.txt	3989694	3891456	97.54	3881584	3267032	84.17	3711964	71382	1.84	381110	205106
RAD-CCGOM_wA08_KEY444_SWFL_sortfltr_flagstat.txt	1723587	1670762	96.94	1682764	1448057	86.05	1605262	24677	1.47	132700	67732
RAD-CCGOM_wA09_PRCS502_DRTO_sortfltr_flagstat.txt	1665655	1631784	97.97	1623999	1404398	86.48	1565465	24663	1.52	135556	69361
RAD-CCGOM_wA10_KKF307R_NGM_sortfltr_flagstat.txt	2419464	2358088	97.46	2358625	2003406	84.94	2255421	41828	1.77	214582	111791
RAD-CCGOM_wA11_PRCS481_DRTO_sortfltr_flagstat.txt	1924732	1893409	98.37	1874980	1644335	87.70	1823066	20591	1.10	152314	83701
RAD-CCGOM_wA12_PRCS632_DRTO_sortfltr_flagstat.txt	1379575	1355091	98.23	1346889	1178388	87.49	1305595	16810	1.25	107574	55998
RAD-CCGOM_wB01_PRCS500C+C_DRTO_sortfltr_flagstat.txt	7667584	7478529	97.53	7479949	6345290	84.83	7147077	143817	1.92	683948	348124
RAD-CCGOM_wB02_KEY433_SWFL_sortfltr_flagstat.txt	1415662	1388939	98.11	1380618	1205164	87.29	1337668	16227	1.18	112324	58353
RAD-CCGOM_wB03_KKF325R_NGM_sortfltr_flagstat.txt	4109377	3997677	97.28	4011944	3412134	85.05	3826944	73300	1.83	352122	176801
RAD-CCGOM_wB04_MCK099_CWFL_sortfltr_flagstat.txt	3962089	3809187	96.14	3869773	3241566	83.77	3639831	77040	1.99	336898	169399
RAD-CCGOM_wB05_KEY048_SWFL_sortfltr_flagstat.txt	2293307	2242689	97.79	2235960	1911097	85.47	2148500	36842	1.65	201108	102035
RAD-CCGOM_wB06_PRCS543_DRTO_sortfltr_flagstat.txt	4939487	4833575	97.86	4817703	4136148	85.85	4636003	75788	1.57	425848	216129
RAD-CCGOM_wB07_KEY419_SWFL_sortfltr_flagstat.txt	1415057	1387944	98.08	1379683	1200839	87.04	1335685	16885	1.22	114120	60111
RAD-CCGOM_wB08_MCK080_CWFL_sortfltr_flagstat.txt	8779174	8532592	97.19	8562682	7207575	84.17	8145406	170694	1.99	801752	404571
RAD-CCGOM_wB09_MCK117_CWFL_sortfltr_flagstat.txt	8486164	8253841	97.26	8271637	6974281	84.32	7876285	163029	1.97	770248	390201
RAD-CCGOM_wB10_MCK128_CWFL_sortfltr_flagstat.txt	1266229	1235217	97.55	1234821	1055275	85.46	1181517	22292	1.81	106580	54055
RAD-CCGOM_wB11_PRCS498_DRTO_sortfltr_flagstat.txt	1464973	1436614	98.06	1425538	1226133	86.01	1377840	19339	1.36	129528	72368
RAD-CCGOM_wB12_PRCS514_DRTO_sortfltr_flagstat.txt	1277961	1255795	98.27	1242061	1069874	86.14	1204827	15068	1.21	115246	63826
RAD-CCGOM_wC01_MCK121_CWFL_sortfltr_flagstat.txt	6059301	5956064	98.30	6009430	5628587	93.66	5836074	70119	1.17	169040	111372
RAD-CCGOM_wC02_KKF369R_NGM_sortfltr_flagstat.txt	2626399	2561827	97.54	2552298	2147267	84.13	2440474	47252	1.85	250266	136549
RAD-CCGOM_wC03_MCK065_CWFL_sortfltr_flagstat.txt	3949	3877	98.18	3851	3397	88.21	3739	40	1.04	280	155
RAD-CCGOM_wC04_KEY076_SWFL_sortfltr_flagstat.txt	7457379	7253955	97.27	7278275	6161044	84.65	6922649	152202	2.09	649406	330096
RAD-CCGOM_wC05_PRCS682_DRTO_sortfltr_flagstat.txt	13103824	12763074	97.40	12727470	10548464	82.88	12127816	258904	2.03	1361702	730448
RAD-CCGOM_wC06_MCK079_CWFL_sortfltr_flagstat.txt	9823382	9535545	97.07	9578772	8023525	83.76	9096172	194763	2.03	921400	478416
RAD-CCGOM_wC07_KEY428_SWFL_sortfltr_flagstat.txt	521469	509333	97.67	508605	442084	86.92	490199	6270	1.23	40480	20997
RAD-CCGOM_wC08_KEY438_SWFL_sortfltr_flagstat.txt	4411990	4268621	96.75	4308739	3672475	85.23	4102037	63333	1.47	364490	186339
RAD-CCGOM_wC09_MCK127_CWFL_sortfltr_flagstat.txt	7156273	6940783	96.99	6979005	5849457	83.82	6620405	143110	2.05	657462	340402
RAD-CCGOM_wC10_PRCS549_DRTO_sortfltr_flagstat.txt	2793499	2740540	98.10	2725416	2364470	86.76	2635762	36695	1.35	230610	119725
RAD-CCGOM_wC11_MCK102_CWFL_sortfltr_flagstat.txt	3857666	3757032	97.39	3760673	3187596	84.76	3587885	72154	1.92	341028	177351
RAD-CCGOM_wC12_PRCS548_DRTO_sortfltr_flagstat.txt	1339905	1316909	98.28	1306909	1145521	87.65	1268253	15660	1.20	103570	53662
RAD-CCGOM_wD01_KKF301R_NGM_sortfltr_flagstat.txt	1874055	1829712	97.63	1820814	1530698	84.07	1743564	32907	1.81	181414	98367
RAD-CCGOM_wD02_KKF353R_NGM_sortfltr_flagstat.txt	3914194	3799093	97.06	3805643	3189124	83.80	3622113	68429	1.80	370578	200120
RAD-CCGOM_wD03_KKF362R_NGM_sortfltr_flagstat.txt	7697376	7487490	97.27	7515920	6372489	84.79	7161826	144208	1.92	672554	342552
RAD-CCGOM_wD04_KEY070_SWFL_sortfltr_flagstat.txt	3615973	3518403	97.30	3532140	3011539	85.26	3372374	62196	1.76	305994	154567
RAD-CCGOM_wD05_PRCS576C+C_DRTO_sortfltr_flagstat.txt	4795290	4683891	97.68	4664782	3943291	84.53	4470118	83265	1.78	449844	240216
RAD-CCGOM_wD06_KEY073_SWFL_sortfltr_flagstat.txt	2793225	2726936	97.63	2721057	2315826	85.11	2607989	46779	1.72	247118	127448
RAD-CCGOM_wD07_MCK105_CWFL_sortfltr_flagstat.txt	4862540	4736332	97.40	4736485	4005492	84.57	4528213	82064	1.73	445004	232501
RAD-CCGOM_wD08_KEY421_SWFL_sortfltr_flagstat.txt	2084657	2046546	98.17	2032011	1765368	86.88	1968979	24921	1.23	172750	89170
RAD-CCGOM_wD09_MCK126_CWFL_sortfltr_flagstat.txt	5554220	5403381	97.28	5410624	4558071	84.24	5158954	100831	1.86	513920	272927
RAD-CCGOM_wD10_PRCS703_DRTO_sortfltr_flagstat.txt	3950394	3878057	98.17	3851448	3347309	86.91	3730758	48353	1.26	326718	172073
RAD-CCGOM_wD11_PRCS513_DRTO_sortfltr_flagstat.txt	1254046	1226001	97.76	1224264	1056606	86.31	1175774	20445	1.67	100110	51648
RAD-CCGOM_wD12_PRCS577C+C_DRTO_sortfltr_flagstat.txt	2106247	2056018	97.62	2042808	1709593	83.69	1955262	37317	1.83	210036	117236
RAD-CCGOM_wE01_KKF389R_NGM_sortfltr_flagstat.txt	3212311	98317	3.06	3206959	29721	0.93	34381	58584	1.83	4344	1288
RAD-CCGOM_wE02_KKF370R_NGM_sortfltr_flagstat.txt	5155511	5015966	97.29	5030734	4253520	84.55	4789128	102061	2.03	455468	233595
RAD-CCGOM_wE03_KEY077_SWFL_sortfltr_flagstat.txt	3801351	3711410	97.63	3711091	3190698	85.98	3565795	55355	1.49	318548	163243
RAD-CCGOM_wE04_PRCS553C+C_DRTO_sortfltr_flagstat.txt	330	284	86.06	326	218	66.87	242	38	11.66	24	21
RAD-CCGOM_wE05_MCK103_CWFL_sortfltr_flagstat.txt	10850219	10540826	97.15	10587615	8904879	84.11	10059485	218737	2.07	985494	499204
RAD-CCGOM_wE06_KEY440_SWFL_sortfltr_flagstat.txt	838144	824586	98.38	818273	722229	88.26	796317	8398	1.03	62676	34157
RAD-CCGOM_wE07_KEY427_SWFL_sortfltr_flagstat.txt	578167	568012	98.24	562302	493472	87.76	546868	5279	0.94	44932	25218
RAD-CCGOM_wE08_KKF359_NGM_sortfltr_flagstat.txt	3624936	3512342	96.89	3537909	2995165	84.66	3360001	65314	1.85	309942	159775
RAD-CCGOM_wE09_MCK124_CWFL_sortfltr_flagstat.txt	1725562	1683227	97.55	1683777	1438627	85.44	1613889	27553	1.64	147594	74925
RAD-CCGOM_wE10_MCK097_CWFL_sortfltr_flagstat.txt	3832285	3752220	97.91	3738994	3213352	85.94	3602196	56733	1.52	329718	168312
RAD-CCGOM_wE11_PRCS495_DRTO_sortfltr_flagstat.txt	2496224	2451678	98.22	2419672	2038349	84.24	2345246	29880	1.23	267242	165877
RAD-CCGOM_wE12_KKF345R_NGM_sortfltr_flagstat.txt	5993507	5843429	97.50	5848818	4974245	85.05	5583108	115632	1.98	517856	262587
RAD-CCGOM_wF01_KKF356R_NGM_sortfltr_flagstat.txt	4645356	4438910	95.56	4536916	3772899	83.16	4236318	94152	2.08	393602	199651
RAD-CCGOM_wF02_KEY417_SWFL_sortfltr_flagstat.txt	1397393	1372640	98.23	1364046	1191704	87.37	1322492	16801	1.23	109972	56702
RAD-CCGOM_wF03_KEY446_SWFL_sortfltr_flagstat.txt	225476	221923	98.42	219904	194358	88.38	214424	1927	0.88	17070	9058
RAD-CCGOM_wF04_KKF309R_NGM_sortfltr_flagstat.txt	3516118	3437741	97.77	3432169	2953743	86.06	3302309	51483	1.50	294454	151303
RAD-CCGOM_wF05_KKF073R_NGM_sortfltr_flagstat.txt	7640217	7458865	97.63	7456663	6365487	85.37	7141241	134070	1.80	659300	330911
RAD-CCGOM_wF06_MCK076_CWFL_sortfltr_flagstat.txt	10184806	9927692	97.48	9935092	8415357	84.70	9487680	190298	1.92	913144	454173
RAD-CCGOM_wF07_MCK122_CWFL_sortfltr_flagstat.txt	5569851	5425284	97.40	5434295	4608468	84.80	5193051	96677	1.78	497316	256023
RAD-CCGOM_wF08_KEY409D_SWFL_sortfltr_flagstat.txt	1248555	1226803	98.26	1217522	1065524	87.52	1181954	13816	1.13	98458	51926
RAD-CCGOM_wF09_KKF328R_NGM_sortfltr_flagstat.txt	8508956	8290871	97.44	8300139	7033687	84.74	7919107	162947	1.96	753194	381318
RAD-CCGOM_wF10_PRCS711C+C_DRTO_sortfltr_flagstat.txt	6168799	6011221	97.45	6010581	5083477	84.58	5732093	120910	2.01	549556	274815
RAD-CCGOM_wF11_PRCS645_DRTO_sortfltr_flagstat.txt	348023	341152	98.03	339177	294443	86.81	327915	4391	1.29	27670	14390
RAD-CCGOM_wF12_PRCS706_DRTO_sortfltr_flagstat.txt	1586038	1553307	97.94	1546419	1336234	86.41	1490433	23255	1.50	130042	67545
RAD-CCGOM_wG01_LLT727R_NGM_sortfltr_flagstat.txt	2554805	2496099	97.70	2491516	2135717	85.72	2392890	39920	1.60	216658	108547
RAD-CCGOM_wG02_MCK110_CWFL_sortfltr_flagstat.txt	2401610	2350938	97.89	2241637	1680965	74.99	2155639	35326	1.58	422086	290876
RAD-CCGOM_wG03_MCK084_CWFL_sortfltr_flagstat.txt	11150443	10847684	97.28	10875075	9163449	84.26	10362839	209477	1.93	1023854	515110
RAD-CCGOM_wG04_MCK070_CWFL_sortfltr_flagstat.txt	1227349	1191093	97.05	1196427	1014003	84.75	1136885	23286	1.95	103122	51737
RAD-CCGOM_wG05_KEY066_SWFL_sortfltr_flagstat.txt	4237204	4137535	97.65	4129512	3516770	85.16	3959764	70079	1.70	376714	194680
RAD-CCGOM_wG06_KKF347R_NGM_sortfltr_flagstat.txt	4807043	4686876	97.50	4694094	4004054	85.30	4492212	81715	1.74	412930	208384
RAD-CCGOM_wG07_PRCS704C+C_DRTO_sortfltr_flagstat.txt	4452478	4340735	97.49	4344424	3685666	84.84	4149188	83493	1.92	391116	193816
RAD-CCGOM_wG08_PRCS512_DRTO_sortfltr_flagstat.txt	2780340	2723966	97.97	2711752	2342851	86.40	2615722	39656	1.46	230614	116239
RAD-CCGOM_wG09_PRCS511_DRTO_sortfltr_flagstat.txt	1810123	1774147	98.01	1765475	1527369	86.51	1704113	25386	1.44	149960	78337
RAD-CCGOM_wG10_KKF395R_NGM_sortfltr_flagstat.txt	6385391	6204999	97.17	6225882	5273616	84.70	5931830	113660	1.83	560316	286105
RAD-CCGOM_wG11_PRCS567_DRTO_sortfltr_flagstat.txt	2881375	2823311	97.98	2811748	2432201	86.50	2712678	41006	1.46	237900	124995
RAD-CCGOM_wG12_KEY061_SWFL_sortfltr_flagstat.txt	735830	719845	97.83	716856	618996	86.35	690944	9927	1.38	59782	30116
RAD-CCGOM_wH01_PRCS487C+C_DRTO_sortfltr_flagstat.txt	3480915	3398922	97.64	3396739	2896622	85.28	3253555	61191	1.80	301246	148881
RAD-CCGOM_wH02_MCK107_CWFL_sortfltr_flagstat.txt	3647801	3556867	97.51	3555382	3022773	85.02	3401962	62486	1.76	322124	161867
RAD-CCGOM_wH03_KKF327R_NGM_sortfltr_flagstat.txt	7419146	7185341	96.85	7241621	6109374	84.36	6871237	136579	1.89	648302	328654
RAD-CCGOM_wH04_MCK113_CWFL_sortfltr_flagstat.txt	3311289	3219878	97.24	3221772	2719391	84.41	3073950	56411	1.75	300224	154380
RAD-CCGOM_wH05_KEY071_SWFL_sortfltr_flagstat.txt	4111400	4016175	97.68	4008215	3415822	85.22	3844421	68569	1.71	364668	187349
RAD-CCGOM_wH06_KEY056_SWFL_sortfltr_flagstat.txt	2732231	2658422	97.30	2663045	2271825	85.31	2548907	40329	1.51	235778	121366
RAD-CCGOM_wH07_KEY418_SWFL_sortfltr_flagstat.txt	5881060	5722980	97.31	5743611	4900451	85.32	5488393	97138	1.69	499248	250211
RAD-CCGOM_wH08_KEY069_SWFL_sortfltr_flagstat.txt	8415325	8196897	97.40	8206233	6924046	84.38	7822333	165472	2.02	766296	391253
RAD-CCGOM_wH09_MCK123_CWFL_sortfltr_flagstat.txt	1075126	1047558	97.44	1048796	903251	86.12	1006606	14622	1.39	87300	45018
RAD-CCGOM_wH10_PRCS635C+C_DRTO_sortfltr_flagstat.txt	3642162	3559420	97.73	3529322	2928077	82.96	3386956	59624	1.69	396206	227897
RAD-CCGOM_wH11_PRCS531_DRTO_sortfltr_flagstat.txt	1593397	1562991	98.09	1546325	1319674	85.34	1495135	20784	1.34	150326	87111
RAD-CCGOM_wH12_KEY431_SWFL_sortfltr_flagstat.txt	668023	655417	98.11	650467	566788	87.14	629975	7886	1.21	53286	27655
